1 4.113  -27.6442
10001 3.83999  -37.9671
20001 3.93842  -38.2261
30001 3.86854  -38.306
40001 3.85788  -38.3433
50001 3.86291  -38.4023
60001 3.92499  -38.4648
70001 3.89697  -38.479
80001 4.00236  -38.5605
90001 3.97002  -38.5862
100001 3.92505  -38.5941
110001 3.91187  -38.5978
120001 3.94953  -38.6026
130001 3.94311  -38.6159
140001 3.97662  -38.6276
150001 3.92753  -38.6112
160001 4.00669  -38.612
170001 4.00899  -38.6196
180001 3.95951  -38.6003
190001 3.95566  -38.6227
200001 3.96161  -38.6242
210001 3.9646  -38.6218
220001 3.92678  -38.6013
230001 3.97767  -38.6259
240001 3.95566  -38.6303
250001 3.97095  -38.5798
260001 3.96965  -38.6484
270001 3.97098  -38.5915
280001 3.92976  -38.6001
290001 3.9122  -38.6205
300001 3.91269  -38.6074
310001 3.90851  -38.6068
320001 3.88129  -38.616
330001 3.95955  -38.6282
340001 3.92278  -38.6107
350001 4.0228  -38.6353
360001 3.93155  -38.6128
370001 3.95067  -38.5852
380001 3.95131  -38.6201
390001 3.96622  -38.6352
400001 3.96457  -38.6063
410001 3.98741  -38.6315
420001 3.91618  -38.6181
430001 3.93058  -38.6265
440001 3.9341  -38.6388
450001 3.95025  -38.613
460001 3.95053  -38.6241
470001 3.9434  -38.6384
480001 3.92667  -38.6364
490001 3.89562  -38.6154
500001 3.98165  -38.6068
510001 3.96273  -38.6316
520001 3.95409  -38.6364
530001 3.95422  -38.623
540001 3.97002  -38.5998
550001 3.96796  -38.6109
560001 4.01046  -38.6386
570001 4.03288  -38.6386
580001 3.97501  -38.6747
590001 3.96707  -38.6389
600001 4.00986  -38.6561
610001 4.03449  -38.6395
620001 4.0287  -38.654
630001 4.02039  -38.649
640001 4.02736  -38.6536
650001 4.05637  -38.6618
660001 4.02851  -38.6683
670001 4.05091  -38.6381
680001 3.96147  -38.6635
690001 4.00087  -38.6694
700001 4.02466  -38.662
710001 4.0446  -38.656
720001 4.0523  -38.6721
730001 4.04606  -38.6781
740001 3.99613  -38.6544
750001 4.03564  -38.6611
760001 4.04286  -38.6516
770001 4.01646  -38.6874
780001 3.99348  -38.6558
790001 4.01502  -38.6601
800001 4.06945  -38.672
810001 4.05228  -38.6684
820001 4.04921  -38.6516
830001 4.00492  -38.6577
840001 4.03573  -38.6655
850001 4.02202  -38.6471
860001 4.02893  -38.684
870001 4.07054  -38.6424
880001 4.085  -38.6568
890001 4.02484  -38.6742
900001 4.10736  -38.652
910001 4.08131  -38.6545
920001 4.08948  -38.6663
930001 4.03391  -38.6384
940001 4.0071  -38.6692
950001 4.02773  -38.6734
960001 4.03579  -38.6567
970001 4.05734  -38.6565
980001 4.04207  -38.6677
990001 4.03173  -38.639
1000001 4.03878  -38.641
1010001 4.04943  -38.6724
1020001 4.04222  -38.6456
1030001 4.02224  -38.6729
1040001 4.05832  -38.6496
1050001 4.10047  -38.649
1060001 4.05469  -38.6664
1070001 4.01108  -38.6579
1080001 4.00821  -38.6693
1090001 4.04722  -38.6686
1100001 4.01812  -38.6494
1110001 4.04019  -38.6535
1120001 4.05141  -38.6717
1130001 4.06232  -38.6469
1140001 4.03563  -38.657
1150001 3.99454  -38.6339
1160001 4.05608  -38.6592
1170001 4.00036  -38.6597
1180001 4.06575  -38.6622
1190001 4.06974  -38.6443
1200001 4.05159  -38.6843
1210001 4.06591  -38.6742
1220001 4.05533  -38.6774
1230001 3.99736  -38.6691
1240001 3.98901  -38.657
1250001 4.01482  -38.678
1260001 4.0328  -38.6591
1270001 3.99521  -38.6594
1280001 4.00986  -38.6345
1290001 4.00883  -38.6769
1300001 4.01501  -38.6667
1310001 3.92851  -38.6662
1320001 4.05036  -38.6894
1330001 3.99859  -38.6763
1340001 4.01846  -38.662
1350001 4.02437  -38.6845
1360001 3.96812  -38.6596
1370001 4.01626  -38.6996
1380001 3.98703  -38.6654
1390001 3.97946  -38.6711
1400001 4.02457  -38.6605
1410001 4.04539  -38.6737
1420001 4.05521  -38.6722
1430001 4.01326  -38.6588
1440001 4.06807  -38.657
1450001 4.08618  -38.6732
1460001 4.04417  -38.6814
1470001 4.06044  -38.6884
1480001 4.0522  -38.6865
1490001 4.06451  -38.7034
1500001 4.07927  -38.6745
1510001 4.10326  -38.6889
1520001 4.05996  -38.6997
1530001 4.09878  -38.6743
1540001 3.99961  -38.6388
1550001 3.99817  -38.6762
1560001 4.02549  -38.7019
1570001 3.9836  -38.7037
1580001 4.0167  -38.7359
1590001 3.97588  -38.7315
1600001 4.02055  -38.7308
1610001 4  -38.7183
1620001 4.01268  -38.7453
1630001 3.96094  -38.7209
1640001 4.00532  -38.7198
1650001 3.94349  -38.7138
1660001 3.97346  -38.7219
1670001 4.00133  -38.7247
1680001 3.96656  -38.7147
1690001 3.97562  -38.7172
1700001 3.96139  -38.7016
1710001 3.98867  -38.7137
1720001 4.00092  -38.7365
1730001 3.97745  -38.7068
1740001 4.02606  -38.7361
1750001 4.02956  -38.7283
1760001 3.99144  -38.7112
1770001 4.00727  -38.7193
1780001 3.95395  -38.708
1790001 3.95006  -38.7206
1800001 3.9813  -38.7216
1810001 3.94241  -38.7263
1820001 3.9996  -38.7097
1830001 3.99911  -38.7302
1840001 4.01921  -38.7335
1850001 4.00709  -38.7091
1860001 4.02722  -38.7058
1870001 3.98498  -38.7436
1880001 4.01787  -38.7407
1890001 3.98845  -38.7244
1900001 4.00743  -38.7302
1910001 4.01031  -38.7213
1920001 3.93772  -38.691
1930001 3.99567  -38.7189
1940001 4.04967  -38.6899
1950001 4.01802  -38.6803
1960001 3.99894  -38.7182
1970001 4.02242  -38.7147
1980001 3.99588  -38.6974
1990001 3.94553  -38.7159
2000001 3.96299  -38.7238
2010001 4.01725  -38.7556
2020001 3.98984  -38.7147
2030001 3.9771  -38.7373
2040001 4.04907  -38.7469
2050001 4.01326  -38.744
2060001 3.98691  -38.7372
2070001 4.02694  -38.7299
2080001 4.03558  -38.7327
2090001 4.00113  -38.7361
2100001 4.0209  -38.7356
2110001 3.9713  -38.7204
2120001 4.03568  -38.7559
2130001 3.96908  -38.715
2140001 4.02142  -38.7291
2150001 4.015  -38.7286
2160001 4.00864  -38.7556
2170001 3.99429  -38.7402
2180001 4.00311  -38.7396
2190001 3.98552  -38.7363
2200001 4.00375  -38.7332
2210001 3.99497  -38.7264
2220001 4.03487  -38.7389
2230001 4.01728  -38.7504
2240001 3.95168  -38.7625
2250001 3.99109  -38.7349
2260001 4.03374  -38.7412
2270001 4.05347  -38.719
2280001 4.03254  -38.7451
2290001 4.00189  -38.7252
2300001 4.01107  -38.7427
2310001 3.99342  -38.7301
2320001 4.06332  -38.7467
2330001 4.03118  -38.7135
2340001 4.05914  -38.752
2350001 4.01105  -38.7535
2360001 4.03145  -38.739
2370001 4.09972  -38.7236
2380001 4.04686  -38.7735
2390001 3.99814  -38.7252
2400001 4.03469  -38.7695
2410001 4.05178  -38.7645
2420001 4.03835  -38.7484
2430001 4.10049  -38.7614
2440001 4.08301  -38.7686
2450001 4.12042  -38.7447
2460001 4.05691  -38.7485
2470001 4.022  -38.7476
2480001 4.05851  -38.752
2490001 4.06969  -38.75
2500001 4.0449  -38.7418
2510001 4.01063  -38.7584
2520001 4.08224  -38.7445
2530001 4.00732  -38.743
2540001 4.03121  -38.7583
2550001 4.04701  -38.7463
2560001 4.0198  -38.7632
2570001 4.04165  -38.7803
2580001 4.04516  -38.7562
2590001 4.06568  -38.7459
2600001 4.03071  -38.7624
2610001 3.97757  -38.7582
2620001 4.05441  -38.7534
2630001 4.0452  -38.7375
2640001 4.01768  -38.7329
2650001 3.9965  -38.7458
2660001 4.03804  -38.7525
2670001 4.06282  -38.7532
2680001 4.08326  -38.7662
2690001 4.11537  -38.7512
2700001 3.99214  -38.7367
2710001 3.99643  -38.7527
2720001 4.07711  -38.7465
2730001 4.07439  -38.7409
2740001 4.06234  -38.7615
2750001 3.97087  -38.7606
2760001 4.03444  -38.7657
2770001 4.05591  -38.7458
2780001 4.05224  -38.7735
2790001 3.99438  -38.7473
2800001 4.02687  -38.7592
2810001 4.01111  -38.7427
2820001 4.01626  -38.7458
2830001 4.02829  -38.7501
2840001 4.0188  -38.7642
2850001 4.02957  -38.7729
2860001 4.07034  -38.7492
2870001 3.9872  -38.7312
2880001 4.04272  -38.7648
2890001 4.00529  -38.7465
2900001 4.04437  -38.7275
2910001 4.05575  -38.7635
2920001 4.02724  -38.7539
2930001 4.06035  -38.749
2940001 4.00113  -38.7436
2950001 4.02462  -38.7791
2960001 4.03357  -38.7448
2970001 4.04967  -38.7432
2980001 4.07177  -38.7484
2990001 4.05682  -38.7553
3000001 4.02936  -38.7482
3010001 4.03635  -38.7663
3020001 4.03078  -38.7583
3030001 4.06172  -38.739
3040001 4.01156  -38.7674
3050001 4.14772  -38.7585
3060001 4.06795  -38.7566
3070001 4.05749  -38.7435
3080001 3.99979  -38.7409
3090001 4.07497  -38.7788
3100001 4.03731  -38.7458
3110001 4.06522  -38.7329
3120001 4.08688  -38.738
3130001 4.09277  -38.7563
3140001 4.01171  -38.7699
3150001 4.02469  -38.7493
3160001 4.03496  -38.7607
3170001 4.01871  -38.7481
3180001 4.00515  -38.7495
3190001 4.02062  -38.742
3200001 4.01921  -38.747
3210001 4.01885  -38.7549
3220001 4.03713  -38.7786
3230001 4.0139  -38.7435
3240001 4.0316  -38.7545
3250001 4.06598  -38.7685
3260001 4.05011  -38.7417
3270001 4.03975  -38.7642
3280001 4.08942  -38.7644
3290001 4.06517  -38.7517
3300001 4.00467  -38.754
3310001 4.00183  -38.7675
3320001 4.06902  -38.7777
3330001 4.06271  -38.7582
3340001 4.06821  -38.7688
3350001 4.05154  -38.7576
3360001 4.03619  -38.743
3370001 4.05562  -38.7331
3380001 4.04952  -38.7689
3390001 4.07252  -38.7802
3400001 4.05058  -38.7452
3410001 4.01915  -38.7463
3420001 4.04115  -38.745
3430001 4.06333  -38.7547
3440001 4.04432  -38.7629
3450001 4.06741  -38.7632
3460001 4.08228  -38.7596
3470001 4.08056  -38.7589
3480001 4.10928  -38.751
3490001 4.07005  -38.757
3500001 4.06867  -38.7485
3510001 4.06781  -38.7422
3520001 4.0422  -38.7661
3530001 4.09625  -38.7475
3540001 4.03191  -38.7394
3550001 4.01718  -38.7207
3560001 4.00609  -38.749
3570001 4.07422  -38.7719
3580001 4.07989  -38.7388
3590001 4.09849  -38.7699
3600001 4.05574  -38.7757
3610001 3.99887  -38.7463
3620001 4.0419  -38.7763
3630001 4.05147  -38.7603
3640001 4.04318  -38.7554
3650001 4.04519  -38.7513
3660001 4.04844  -38.7752
3670001 4.05546  -38.7652
3680001 4.04049  -38.7643
3690001 4.0477  -38.7656
3700001 4.0301  -38.7726
3710001 4.01541  -38.7714
3720001 4.04908  -38.761
3730001 4.03438  -38.768
3740001 4.02552  -38.7433
3750001 4.03359  -38.759
3760001 3.98208  -38.7369
3770001 4.01696  -38.738
3780001 4.07567  -38.7599
3790001 4.06491  -38.7617
3800001 4.01194  -38.7671
3810001 4.02505  -38.7782
3820001 4.01919  -38.7356
3830001 4.05421  -38.7513
3840001 4.0695  -38.7555
3850001 4.02858  -38.7541
3860001 4.04532  -38.7574
3870001 4.04082  -38.7611
3880001 4.0765  -38.7483
3890001 4.06807  -38.75
3900001 4.03688  -38.7694
3910001 4.08314  -38.7396
3920001 4.05001  -38.762
3930001 4.05734  -38.7706
3940001 3.99727  -38.7387
3950001 4.06477  -38.7707
3960001 4.05958  -38.7671
3970001 4.01176  -38.7277
3980001 4.07112  -38.7761
3990001 4.04707  -38.7701
4000001 4.03961  -38.7419
4010001 4.0107  -38.7445
4020001 4.05374  -38.7585
4030001 4.0839  -38.7589
4040001 4.01747  -38.7653
4050001 4.05373  -38.7493
4060001 4.07354  -38.7585
4070001 4.013  -38.7538
4080001 4.03751  -38.7856
4090001 4.03885  -38.7597
4100001 4.05097  -38.7431
4110001 4.05904  -38.7651
4120001 4.03783  -38.7531
4130001 3.986  -38.7557
4140001 4.08705  -38.765
4150001 4.0257  -38.738
4160001 4.03128  -38.7738
4170001 3.96885  -38.7438
4180001 4.03604  -38.7728
4190001 4.03776  -38.7583
4200001 4.02433  -38.7508
4210001 3.98094  -38.7511
4220001 4.00397  -38.7388
4230001 4.0208  -38.7677
4240001 3.99671  -38.7421
4250001 4.04436  -38.7786
4260001 4.03528  -38.7328
4270001 4.04646  -38.7524
4280001 4.01343  -38.7459
4290001 4.01968  -38.7359
4300001 4.03236  -38.7625
4310001 4.06773  -38.7414
4320001 4.06422  -38.7661
4330001 4.03392  -38.7492
4340001 4.05389  -38.75
4350001 4.06739  -38.764
4360001 4.06917  -38.7584
4370001 4.08044  -38.7613
4380001 4.0564  -38.7717
4390001 4.05042  -38.7608
4400001 4.0221  -38.7623
4410001 4.0613  -38.7548
4420001 4.03829  -38.7575
4430001 3.9883  -38.738
4440001 4.03537  -38.7324
4450001 4.00094  -38.7353
4460001 4.02341  -38.7809
4470001 4.08399  -38.7335
4480001 4.01191  -38.7365
4490001 4.01729  -38.7519
4500001 4.03222  -38.7365
4510001 4.07236  -38.761
4520001 4.13595  -38.7532
4530001 4.01279  -38.7687
4540001 4.03191  -38.7435
4550001 4.0232  -38.7548
4560001 4.103  -38.7428
4570001 4.04952  -38.7555
4580001 4.00582  -38.7598
4590001 4.06219  -38.7696
4600001 3.99635  -38.7463
4610001 4.06619  -38.7512
4620001 3.99484  -38.7469
4630001 4.00905  -38.76
4640001 4.05508  -38.7613
4650001 4.02178  -38.764
4660001 4.04616  -38.7242
4670001 4.02337  -38.7893
4680001 3.99536  -38.7421
4690001 4.06352  -38.7638
4700001 4.07277  -38.7669
4710001 4.06838  -38.7643
4720001 4.05016  -38.7661
4730001 4.06084  -38.7553
4740001 4.02776  -38.7647
4750001 4.05764  -38.7571
4760001 4.03442  -38.7711
4770001 4.05577  -38.762
4780001 4.04108  -38.7557
4790001 4.06147  -38.7623
4800001 4.09553  -38.7681
4810001 4.14751  -38.7578
4820001 4.00995  -38.7693
4830001 4.05042  -38.7537
4840001 4.00244  -38.748
4850001 4.02471  -38.7658
4860001 3.99063  -38.7643
4870001 4.01585  -38.7423
4880001 4.1018  -38.7528
4890001 4.10448  -38.7537
4900001 4.06652  -38.766
4910001 4.01561  -38.7708
4920001 4.042  -38.7527
4930001 4.01088  -38.74
4940001 4.07703  -38.7519
4950001 4.09263  -38.7726
4960001 4.0435  -38.7436
4970001 4.03205  -38.7356
4980001 4.07973  -38.7471
4990001 4.02114  -38.7481
