-1.34397  2.12214  1.55058  -1.098
0.609076  2.45342  3.03891  -1.098
5.40297  2.41857  -0.126597  -1.098
2.9422  0.526825  0.213126  -1.098
1.13486  0.14485  0.350516  2.196
5.88588  2.33884  1.71912  2.196
0.968877  0.115121  2.18749  -1.098
2.99392  2.95526  4.77595  -1.098
4.01569  2.38352  2.12842  -1.098
2.67366  0.564699  4.11573  -1.098
-0.630802  1.00954  3.00393  2.196
3.21652  1.40536  5.79174  2.196
1.47446  1.39032  6.67591  -1.098
1.346  3.79355  6.41039  -1.098
3.48745  2.33951  7.5481  -1.098
3.63111  -0.139291  7.06998  -1.098
-0.459559  1.22812  6.6007  2.196
4.46243  3.90769  8.31887  2.196
0.958715  2.19555  0.343005  -1.098
0.649058  7.52228  0.524162  -1.098
3.59244  6.72703  -0.427896  -1.098
4.40889  4.83787  1.11967  -1.098
1.69251  2.82591  -1.22511  2.196
2.51228  5.53016  1.15818  2.196
2.34975  4.48039  2.93258  -1.098
0.189296  7.32792  3.46182  -1.098
2.70561  7.01683  2.2197  -1.098
3.46385  5.21871  6.54113  -1.098
2.39435  2.57985  3.0458  2.196
1.92333  8.16301  3.44986  2.196
0.341055  5.51576  5.17166  -1.098
1.29783  7.33858  7.23042  -1.098
2.47419  7.03298  5.01177  -1.098
2.56922  4.28371  8.81131  -1.098
2.27704  5.02156  4.83246  2.196
3.16489  7.1865  6.90517  2.196
5.59435  -0.773722  -1.02024  -1.098
6.86768  4.32651  1.10173  -1.098
8.73276  2.8209  -1.4571  -1.098
7.74688  -0.663972  2.18179  -1.098
4.55907  0.839939  -0.551921  2.196
8.56388  3.66478  0.469938  2.196
5.40365  0.364001  1.3289  -1.098
4.9208  0.826473  5.3552  -1.098
6.5817  1.14308  3.39316  -1.098
8.92608  0.426614  4.83557  -1.098
5.89359  -0.698243  2.71688  2.196
6.19369  2.32899  4.88913  2.196
6.90001  1.03185  6.54279  -1.098
5.51421  3.37058  6.29481  -1.098
8.02372  2.78213  5.33063  -1.098
9.11427  0.0609571  8.13157  -1.098
6.03389  -0.597374  6.22145  2.196
8.70974  4.23301  6.37364  2.196
5.65091  5.33094  -1.29835  -1.098
5.56256  6.9897  1.76188  -1.098
7.50235  6.84823  0.245552  -1.098
9.57894  5.08497  1.25923  -1.098
5.61798  6.78247  -0.0458363  2.196
8.58525  6.7417  1.81237  2.196
4.55501  5.55649  4.19211  -1.098
6.5464  7.95334  4.45077  -1.098
7.28334  5.88454  3.23319  -1.098
5.87601  3.46074  3.42371  -1.098
5.65651  5.13106  2.54998  2.196
8.04908  6.74345  4.8396  2.196
7.17725  5.25191  5.71746  -1.098
4.89234  7.15867  6.14578  -1.098
7.73633  7.57338  6.56341  -1.098
8.90007  5.23449  8.04569  -1.098
5.32473  5.35289  5.93511  2.196
8.89298  7.22296  8.08692  2.196
